010101100111100
000001110111011
000100110110111
001100011100000
000011001100001
000100100010101
001011010111110
001110010000110
001101111010101
011111110110111
000000000110001
001101101110100
000111011110111
001001101100100
011000000000011
001000010000001
000001111100001
000001111100100
000010111101100
000000000110011
010111101001111
000000001001000
000000100110000
000101100101110
011110101011110
011101110011111
010110001000000
000000110000011
001011111111111
010011010010010
011101111111110
010011000000010
000111011101111
010000001011010
001111101101010
000001000000100
001011000010000
000011011110000
000000100001111
000010110000001
000101100011100
000011101010111
001010110000100
011111011011101
001100000000011
000101011100111
011110110101111
011101000010100
011001110111001
000011111111011
000100111000000
010010000000001
010000001100010
011011010001111
001010010010011
011111111101001
000101000100001
000001110010000
010001100001000
000010000001110
000010000111101
001100101010100
010111110110100
000111101010101
011011010100100
001111101000111
011101100001110
010011110001011
001000000010000
001000001001110
001100001000010
000100100100100
000010001111000
010000000100101
010111111111111
011001000000100
000101001000001
010111001100100
001101110011010
000011000000010
010001001110101
011111101110110
000110001001010
010110011011110
000110000101100
010000000000110
011100000000000
001000000000001
000111100111010
010011111001001
000001000001010
010011111100110
010100010111001
001111111111011
000100110010000
000000100000010
000000100010111
000110101111111
001010010100000
000001000000111
000011001011100
010001110110111
000101000000100
011111011110111
000110001001010
001100000100101
000111001110000
001101011111101
010011111111001
000100011100000
010010000011011
000111011111111
011110111001011
000001100111011
011100110110101
010000000110011
000101100001001
011110110111111
000100100011010
010100110000011
010001110011110
001101110110110
001100011010110
010000000000000
011001010000101
001000010110100
010010000000100
000000010001001
