001110110001100
000010100000011
011100000000100
010011110100011
000011000001100
001010001001111
011000000100110
001110110001011
010011110000100
010110001010101
000001010001101
010110010011100
000000000010010
011000010000101
000001000000001
010110111101101
011111111101111
010010001111010
000010001000100
000010001101010
000000101110001
000101000000000
001100011101011
000110100000100
010010010001100
000111110010110
000000101000110
000001000000000
000101000100001
000000100101100
010011100001000
010000000000011
000110010000010
001011001100001
001011110010110
010001010100001
010000111000100
001001100100000
000001110000110
000000111010110
001111100100011
000101110000001
010100010100110
000110010001100
011110011101101
011100000011000
011000000100000
011011110011111
000100011111111
010100000010100
011011110100101
001100001110111
000100000001010
000000000000000
000010100100000
000110100000100
001100011100010
001110100110010
001000110110010
001111011000111
001010000100010
010000011001000
010111111101100
000001001100100
000010000000100
000010000000110
000001110110100
000101001010100
001000010100000
000000100000000
001000111001100
011001000001110
011111111111101
011100100010000
000011010011000
001110111111101
011100010110110
001000000000110
001101111111110
001100100000010
001101111101101
000100000000010
000010001000001
010100011111111
000100010000001
000010000001101
000100100000001
011101101111011
011001010011110
000000101100100
000101100011100
001101101100010
000001000000001
000000000010110
000111110011011
001000001000000
000100010011000
011110010100001
011101001001001
011000000001110
000010000000000
010101000000001
001111000001001
011010000110000
010111000100111
001001000101000
010011101111111
001101101111001
010010010010011
001010100000000
001010001000000
011101011110101
011110111111000
000001110011100
011010000101100
010000101000010
010100011000001
000000000010010
011110010110111
011111111111111
000000001100100
011100010101101
001100100000000
000010001111000
011001000011011
000110000010100
000000100100101
011011111101111
