011100011111011
000110110010000
010011001101000
000000001000001
000010000001100
000010010001110
011000000010000
010010010111101
011010010101001
010110100011000
011111111111111
011001000000000
001111101011111
001001011000100
000111011011000
011001000111000
000011101001110
010110111111111
000000000000110
010000010100010
000000000000010
010011111111101
010010010100000
000000011011100
010111011110011
001111110101001
001010101001100
000110100100000
001111000010101
011101010100010
010011010100100
010000100000011
000010000100000
000100110001010
011100111111100
010111001011001
000001100110100
001000100000000
001100010001001
011110011000110
000010101010000
010100101100010
000111111110100
000000010001100
000110001000110
000011011111000
001000101110101
000000000010000
000000000110001
001100000000110
010010100100000
010110110111111
000010010000100
011111011101111
011001000000000
001000100001101
000111000001000
001111111111010
011110110111000
000101011001001
010001100000100
010111110001101
001010011111101
000100111100110
011011101111111
011010111111111
001111111111111
000010000101001
000101011010011
011001100010001
001010000100001
000000011001000
000010001001010
010110001000101
011010010010011
000110000000011
000000001000110
011110111110010
011101001100010
010000001000001
011011101110111
001100011010000
010110110000001
011111111111111
001010110001001
011000010100101
000111011001100
001111111101111
011110010000000
010000011010000
010000001010110
011101100010000
011100100101001
011110111010110
010000010010111
000000111000101
010100101010010
001011001100010
000110000001000
011100100101110
001111110011110
000010000110010
011101100111101
011010000000010
010010001110000
000010000001000
010010000101101
011110110000100
001000101101001
000011010010010
000000000100010
000101010000000
010000011000101
001000111000000
000100100010000
011011101111111
000001010101000
010101011011111
010011001000010
011100110000000
000001100000100
000010100111001
010100001100011
000000001011010
011110000010101
001101111111111
010110111101101
000100010101011
