001110101001000
011111111110101
000111100110111
010100001001100
000100000000000
010010101011010
000000001000010
011001100000111
011111111111110
001100000110010
010000000000011
000000001001000
001010101000000
010010000110000
010111010111111
001000000100001
010000000000100
001000100000011
010000110110000
010101100010110
001111110010110
011111100111011
001010001001010
001000000000110
001011100101111
011101101101110
000101000000001
000110101000100
000000100000010
000100000010010
000111111011000
001010010001000
000000001000001
010110010000110
000000010100010
011111110011111
001001000010100
010010100111111
000000110100010
000100010110010
000101101011011
001001000010000
000100110010111
001111110111010
000001101010000
000100010100000
000100101000010
000000000011001
000100011010010
000100000101100
011111011100011
011011011011111
011111011101111
000000110001100
001000111000000
011111110111110
000101000000100
000011001100000
000011010100000
011101110101111
000000000000011
000000101000100
000001000010110
011001001100011
000101110110101
001010000010111
001111111101001
000000011010111
011011111011011
000000111110000
011111101011101
001000101001000
010010000001000
011011111111011
000000000100000
000111000011001
000000100001001
010001000110000
011111101111111
010101101011111
001111000001010
011111011111011
001111110001111
011111101001111
000100100100000
011111111111111
011111010100011
000000001000100
011110011000111
011000000100000
010000010101011
011011000001100
001111110111011
000101100010101
001101101101111
001100011100000
001010001111111
000100001101111
001011101111100
010000000000001
001101101101011
010010001000110
000000000001100
000000000100000
001110101101011
000001110101010
000011000100000
001000000000100
000101111110011
011010110010100
011011101011111
000111000010001
001100001001010
010011110110111
011101011110001
000101101000000
010011010101000
001110110000110
010110100100000
000100110010000
010000011111110
000110001000000
010000001100000
000000000110001
000101000000100
000101000000001
000111111011111
000110000000000
