001011111101011
000010000000100
010111011111111
010011011100100
011111111100111
010111011110100
000000000000001
001000001000110
010111101111101
000011110111100
000000001010000
000001001111000
010011111101111
010011011001000
010010000100000
011100110111100
010000000011000
000000001101000
000010010111101
011111110111111
010000000000010
010001000010110
011101000101010
010110111111001
010110101011010
001011100111000
001010101100100
000010001100001
011111111001101
000010000010011
011111001100100
011111100111111
010111100100101
000100010101100
011110101111111
000011000010001
000111011100111
011001111010111
000000000011000
010000010001001
011000000100001
011000010101000
000000100010001
011110101111110
001111111111000
000100001010000
010000100100100
000000100000010
000011101000011
000010010000010
010110000110010
000001100011100
011111111111110
010000110000000
010010010001001
010110000010000
010100001110100
010000000111011
011111111101011
000111111111111
000001000100100
001010001100001
011000001011110
000010000100000
010111101011111
010100111011111
000111010010000
011111101011100
000000111110000
000001111000000
000000000100010
010001000010011
001110010101110
001000010100000
000010000001001
000111000100110
000000000000011
000100101100111
010100111100111
001100110000000
010001001100001
000111000010001
000000000001001
000001000001010
000011001110110
010100000001010
011000000100110
000100000110100
011111010110110
001111000111011
011001101000111
001000101110010
010000011101111
001010011111101
001010110000100
000000000010000
010001111001000
011101100110101
000100010100101
000101100000110
000111101001101
011111100101111
011101110010100
010111110001101
001000010010000
001100100011001
010100000100011
001000000100010
010001011110110
010110011111111
001011100000011
001100000100010
000111111111101
010011000001001
010010000000011
010111010111111
001000011001010
011101011010100
010100101111011
000100011000101
011110000000010
010000000010101
011010001110000
000100100000100
001111111010001
000011100000000
000100100100000
000001101000001
