010010001000000
010100101000101
001100011000111
000100000000000
000000001001000
010000001001000
010011010111111
000000000000000
000100001000000
010110001001110
001111000000001
001001101000011
001100000010000
010000111000001
001110010100110
011111101111101
000001100011000
011111001100110
010011000000010
000011000100010
011111010001111
001010010000000
001001010011010
010010001100001
000101101000101
001010011000000
010100111011010
000000011000010
000001111011100
011011010111001
001000001010110
011011011111111
001110001001010
010111111110100
000100000100110
010100010100100
010111111100110
001001010000001
001101111101111
000100000000110
000110000001000
001010101000010
011011011000000
010010100000011
000011110001001
011111011010100
011011111111011
011111110111101
011100001001010
011100100000010
000101100101000
000000001100100
000010011100000
000000001000010
010010010011001
000001101011011
000010000010000
011001010001111
000011010010010
001101000001110
000100001110000
011000000100000
010100100101111
011111111111010
000111011111100
010101111100110
010111011100111
000001000111010
000011001100101
000000100101000
001011000000000
001010001011101
001001000100010
000100001100001
000010101000000
010100101010111
010011000001000
011111101110010
000000001100000
000010000100000
011101000001111
000010000101101
000011111111010
010110111110100
000111100001101
000111100101010
000000101110000
011101100111101
001000010100001
000010000000000
001000000000010
000110101100100
010111111011010
000000000110000
011100000001001
001101101001101
010100010000111
010000010100010
010101000001001
000000010011110
010000000010101
011100010001101
000011011010000
001101111100101
000011011001001
000100110001010
001001001110100
011001111110110
000001001100010
001000001011100
011011111010110
011111111101110
000100000010101
010100000000010
000010100000000
001111111010100
011110011110000
001100011111000
010111111110110
001110001111101
011101110101111
000101010000000
000100100100111
010000110000100
011111010110001
010111011111011
011101101111001
000000001110111
