001000000001000
001001000100101
001000001001100
010000001000010
010101001101010
011010010010110
000111110001100
011110010011010
001010100110000
011111100111111
011010110110011
010000101111110
000011110100000
000101100100100
000000000010000
000110101000010
000101000000001
010100100000000
011011011011001
000000001001100
010011011010101
010011000000101
010100000101000
010110100000111
010100110000101
011101111110110
010000010000010
000101011100100
001110011011111
010000111011011
011101101100010
010110000010010
010101101100011
011010011111101
001101001100000
000001110110001
011111001011110
011111110010101
010011010111101
001000100111000
011110101101011
000001010001100
001001100010001
010111011111111
001010000101101
010001000111000
000001000000011
010010000010011
000001001000110
000000000100000
001101111101011
000010000001110
000100010010100
000001101000001
000001000100100
000000000001000
001011011011100
011101000100000
000010011010100
010000000001010
000110000011011
000100000011010
001101000000101
001111110111110
000000100000010
011111011100111
001110011001011
010000100000000
001100000010101
001110011110110
000010001010100
000100010110110
010100011101000
010000101000101
010000010001001
000011110010000
001111111101111
001101101100011
011111101111101
001000001001000
000001010000001
000001000100001
010111111101010
001111010111110
010010100010110
000000011000000
001101000100001
011111011101111
010100000010100
000011100011011
001011111011111
011111100010100
000000000110100
010101100001011
010110001001111
001000010011001
000001100101100
000001000000001
000011100110000
000000010100101
001000001000111
010010000010000
000000100000001
001000000011001
010011101110111
001010010111110
011110101100101
001111111111010
011000000100011
000000011000101
010011000000000
000010000111011
011011101100001
010000011010100
000000001101000
010001000000001
000000001010000
001000001000001
010111101101011
011011011011111
010111100101111
000000001000000
010111111111010
000000100010001
001001001011101
000100000000010
001111101101011
010111011111011
