001101111000010
000100000100010
011101000000101
010010000000011
001101111101100
011110011110011
000010100010001
011110011011011
010000100000101
001110111111011
011011000110001
001000001000011
011010110000010
001011011011011
000001000010100
011111101111111
000000100001101
000111101100001
010000100000100
001000100010001
000001101010010
011110111111101
000001100010100
011101101111111
011101000000111
000001001000011
010000110000000
010100111111100
010000101000000
011000111011101
010111111011110
001011101111011
010011000000000
010000110001110
000001010100000
010100111000001
001000010010000
010010111011110
000000000000000
011011110101111
000001010000001
001000101000100
001110111111011
000000000110000
000100000110000
000001010010001
000000000000000
000010001100010
010010010000011
000001000000010
010101001010000
010110111011111
011110011111111
000101100011010
010000000101100
000110000011000
001010110000110
000101111100111
010000010001001
000100011111011
000001000100000
010111110101111
011101100111101
001101001100100
010111011011111
010100010001010
011110001100110
001001001010000
011010010001110
000110000000010
000010000011000
010001000111011
000000011100100
001100001010001
001111010011110
010111010110101
000000001110000
000010100100000
001011101111010
001011010010000
001010011001001
011111100000010
001111011110110
001010100100010
001001000110000
011110111011110
000010001001100
011110111101111
011101100000100
001101111010100
001000100010010
000000011011110
000001001100100
001000010100011
001101000100000
001000000000001
011100000000000
011011100001001
000000000100101
001110000011001
010101000001001
000100001000100
010000001000011
010000001011001
010110111011011
000000000000100
000001100000010
000010000000010
000010010100100
000111000000000
011101110000111
010001000001000
010010110010101
001110101101000
000011001000001
011111010100111
010110111001010
011111110100010
000000000011101
001000100010100
000000110100100
010111011100011
011010111101011
001000100010100
010010100100000
010100000100001
011011110001100
000101001001010
