001110100010011
001000000000000
001001110010100
000000101000001
010000001001110
001000010100010
000111111110110
010101111011111
001001001000000
011100001011010
011001000000000
000010111100101
000101110100001
000000011101110
001001000101000
000111010110000
000111111110001
000110000111001
011001000001101
000010100011000
010111010111100
011100110111100
001110111100000
001000001001110
001010110010100
010101111000010
011101010001000
010100000000011
010100000000100
001111111110011
000001000100100
000000000000100
000011111000100
011001000001101
001111110111111
001101100111111
011001111001010
000010000001011
000000011011001
010001000010010
011110111001100
000000010010100
011111001010110
011000010000000
001111001010111
000000000111100
000000110010001
001111001011111
010100000000000
011000110010000
001001010000000
011101011101111
011010001000101
001100000000100
010110011101101
001010000000000
000100110101001
000000010100100
011110001011111
000011011111110
010001101000000
000010100011001
001101001110011
001111111100111
000000100100000
011111111010110
011001010110011
001000010111011
000010100111011
010100000011001
010101000111101
010000010000011
000010001000101
010001000011000
000000101000001
000010000001001
011001111011011
000100110100000
010110101000001
010100110011101
010001000000000
011100000100000
011010101000000
001111111010111
011100011101111
000000001100000
000100000000100
000000010101011
001101110110101
011101000011000
010010000001001
010111110111111
011101001010110
010000000000100
000001001001001
000001000010001
010011001011010
000111001010010
010000000000100
000000100010001
011110011000011
001001001001011
001101111110001
011010011101101
000000000010101
000000100100000
010111011110111
010101000100110
010010101011011
010000010000000
001001010100000
010000110100010
001001101110101
000010011000000
010010111111111
011000001001111
010011010001111
000000000001101
000011110110101
000010000000100
010100100010001
011000011100010
010100100110000
010000000000000
000001100101010
000000000000100
000111100000000
000110000000010
