001011111101011
111101111111011
010111011111111
010011011100100
011111111100111
010111011110100
111111111111110
110111110111001
010111101111101
000011110111100
111111110101111
111110110000111
010011111101111
101100100110111
101101111011111
011100110111100
101111111100111
111111110010111
111101101000010
011111110111111
101111111111101
101110111101001
100010111010101
010110111111001
010110101011010
110100011000111
110101010011011
111101110011110
011111111001101
111101111101100
011111001100100
011111100111111
010111100100101
111011101010011
011110101111111
111100111101110
000111011100111
100110000101000
111111111100111
101111101110110
100111111011110
100111101010111
111111011101110
011110101111110
001111111111000
111011110101111
101111011011011
111111011111101
111100010111100
111101101111101
101001111001101
111110011100011
011111111111110
101111001111111
101101101110110
101001111101111
101011110001011
101111111000100
011111111101011
000111111111111
111110111011011
110101110011110
100111110100001
111101111011111
010111101011111
010100111011111
111000101101111
011111101011100
111111000001111
111110000111111
111111111011101
101110111101100
001110010101110
110111101011111
111101111110110
111000111011001
111111111111100
111011010011000
010100111100111
110011001111111
101110110011110
111000111101110
111111111110110
111110111110101
111100110001001
101011111110101
100111111011001
111011111001011
011111010110110
001111000111011
011001101000111
110111010001101
101111100010000
001010011111101
110101001111011
111111111101111
101110000110111
011101100110101
111011101011010
111010011111001
000111101001101
011111100101111
100010001101011
010111110001101
110111101101111
110011011100110
101011111011100
110111111011101
101110100001001
010110011111111
110100011111100
110011111011101
000111111111101
101100111110110
101101111111100
010111010111111
110111100110101
100010100101011
101011010000100
111011100111010
100001111111101
101111111101010
100101110001111
111011011111011
110000000101110
111100011111111
111011011011111
111110010111110
