110001010110111
011111111110101
000111100110111
101011110110011
111011111111111
010010101011010
111111110111101
100110011111000
011111111111110
110011111001101
101111111111100
111111110110111
110101010111111
101101111001111
010111010111111
110111111011110
101111111111011
110111011111100
101111001001111
010101100010110
001111110010110
011111100111011
110101110110101
110111111111001
001011100101111
011101101101110
111010111111110
111001010111011
111111011111101
111011111101101
000111111011000
110101101110111
111111110111110
101001101111001
111111101011101
011111110011111
110110111101011
010010100111111
111111001011101
111011101001101
111010010100100
110110111101111
111011001101000
001111110111010
111110010101111
111011101011111
111011010111101
111111111100110
111011100101101
111011111010011
011111011100011
011011011011111
011111011101111
111111001110011
110111000111111
011111110111110
111010111111011
111100110011111
111100101011111
011101110101111
111111111111100
111111010111011
111110111101001
100110110011100
111010001001010
110101111101000
001111111101001
111111100101000
011011111011011
111111000001111
011111101011101
110111010110111
101101111110111
011011111111011
111111111011111
111000111100110
111111011110110
101110111001111
011111101111111
010101101011111
001111000001010
011111011111011
001111110001111
011111101001111
111011011011111
011111111111111
100000101011100
111111110111011
011110011000111
100111111011111
101111101010100
100100111110011
001111110111011
111010011101010
001101101101111
110011100011111
001010001111111
000100001101111
001011101111100
101111111111110
001101101101011
101101110111001
111111111110011
111111111011111
001110101101011
111110001010101
111100111011111
110111111111011
000101111110011
100101001101011
011011101011111
111000111101110
110011110110101
010011110110111
011101011110001
111010010111111
101100101010111
001110110000110
101001011011111
111011001101111
101111100000001
111001110111111
101111110011111
111111111001110
111010111111011
111010111111110
000111111011111
111001111111111
