101101110111111
101011010111010
110011100111000
111011111111111
111111110110111
101111110110111
010011010111111
111111111111111
111011110111111
101001110110001
110000111111110
001001101000011
110011111101111
101111000111110
110001101011001
011111101111101
111110011100111
011111001100110
101100111111101
111100111011101
100000101110000
110101101111111
110110101100101
101101110011110
111010010111010
110101100111111
101011000100101
111111100111101
111110000100011
011011010111001
110111110101001
011011011111111
110001110110101
010111111110100
000100000100110
101011101011011
010111111100110
110110101111110
001101111101111
111011111111001
111001111110111
110101010111101
100100100111111
010010100000011
111100001110110
011111011010100
011011111111011
011111110111101
100011110110101
100011011111101
111010011010111
111111110011011
111101100011111
111111110111101
101101101100110
111110010100100
111101111101111
011001010001111
111100101101101
110010111110001
111011110001111
100111111011111
101011011010000
011111111111010
000111011111100
010101111100110
010111011100111
111110111000101
111100110011010
111111011010111
110100111111111
001010001011101
110110111011101
111011110011110
111101010111111
010100101010111
101100111110111
011111101110010
111111110011111
111101111011111
011101000001111
111101111010010
000011111111010
010110111110100
111000011110010
111000011010101
111111010001111
011101100111101
110111101011110
111101111111111
110111111111101
111001010011011
101000000100101
111111111001111
100011111110110
001101101001101
101011101111000
101111101011101
101010111110110
111111101100001
101111111101010
100011101110010
111100100101111
001101111100101
111100100110110
111011001110101
001001001110100
011001111110110
111110110011101
110111110100011
011011111010110
011111111101110
111011111101010
101011111111101
111101011111111
001111111010100
011110011110000
110011100000111
010111111110110
001110001111101
011101110101111
111010101111111
111011011011000
101111001111011
011111010110001
010111011111011
011101101111001
111111110001000
