110001001110011
111101011111100
100011111111011
010011110100011
111100111110011
110101110110000
100111111011001
001110110001011
101100001111011
101001110101010
111110101110010
101001101100011
111111111101101
100111101111010
111110111111110
010110111101101
011111111101111
101101110000101
111101110111011
111101110010101
111111010001110
111010111111111
001100011101011
111001011111011
101101101110011
111000001101001
111111010111001
111110111111111
111010111011110
111111011010011
101100011110111
101111111111100
111001101111101
110100110011110
110100001101001
101110101011110
101111000111011
110110011011111
111110001111001
111111000101001
001111100100011
111010001111110
101011101011001
111001101110011
011110011101101
100011111100111
100111111011111
011011110011111
000100011111111
101011111101011
011011110100101
001100001110111
111011111110101
111111111111111
111101011011111
111001011111011
110011100011101
001110100110010
110111001001101
001111011000111
110101111011101
101111100110111
010111111101100
111110110011011
111101111111011
111101111111001
111110001001011
111010110101011
110111101011111
111111011111111
110111000110011
100110111110001
011111111111101
100011011101111
000011010011000
001110111111101
100011101001001
110111111111001
001101111111110
110011011111101
001101111101101
111011111111101
111101110111110
010100011111111
111011101111110
111101111110010
111011011111110
011101101111011
011001010011110
111111010011011
111010011100011
110010010011101
111110111111110
111111111101001
000111110011011
110111110111111
111011101100111
100001101011110
011101001001001
100111111110001
111101111111111
101010111111110
110000111110110
100101111001111
101000111011000
110110111010111
010011101111111
110010010000110
101101101101100
110101011111111
110101110111111
011101011110101
011110111111000
111110001100011
100101111010011
101111010111101
101011100111110
111111111101101
011110010110111
011111111111111
111111110011011
100011101010010
110011011111111
111101110000111
011001000011011
111001111101011
111111011011010
011011111101111
