110111111110111
110110111011010
110111110110011
101111110111101
101010110010101
100101101101001
111000001110011
100001101100101
110101011001111
011111100111111
011010110110011
010000101111110
111100001011111
111010011011011
111111111101111
111001010111101
111010111111110
101011011111111
100100100100110
111111110110011
101100100101010
101100111111010
101011111010111
101001011111000
101011001111010
011101111110110
101111101111101
111010100011011
001110011011111
010000111011011
100010010011101
101001111101101
010101101100011
011010011111101
110010110011111
000001110110001
011111001011110
011111110010101
010011010111101
110111011000111
011110101101011
111110101110011
110110011101110
010111011111111
110101111010010
101110111000111
111110111111100
101101111101100
111110110111001
111111111011111
001101111101011
111101111110001
111011101101011
111110010111110
111110111011011
111111111110111
001011011011100
100010111011111
111101100101011
101111111110101
111001111100100
111011111100101
110010111111010
001111110111110
111111011111101
011111011100111
110001100110100
101111011111111
110011111101010
001110011110110
111101110101011
111011101001001
101011100010111
101111010111010
101111101110110
111100001101111
001111111101111
110010010011100
011111101111101
110111110110111
111110101111110
111110111011110
010111111101010
001111010111110
101101011101001
111111100111111
110010111011110
011111011101111
101011111101011
000011100011011
001011111011111
011111100010100
111111111001011
010101100001011
010110001001111
110111101100110
000001100101100
111110111111110
111100011001111
111111101011010
110111110111000
101101111101111
111111011111110
110111111100110
010011101110111
001010010111110
011110101100101
001111111111010
100111111011100
111111100111010
101100111111111
000010000111011
011011101100001
101111100101011
111111110010111
101110111111110
111111110101111
110111110111110
010111101101011
011011011011111
010111100101111
111111110111111
010111111111010
111111011101110
001001001011101
111011111111101
001111101101011
010111011111011
