001110100010011
110111111111111
110110001101011
111111010111110
101111110110001
110111101011101
000111111110110
010101111011111
110110110111111
100011110100101
100110111111111
111101000011010
111010001011110
111111100010001
110110111010111
111000101001111
000111111110001
000110000111001
100110111110010
111101011100111
010111010111100
011100110111100
110001000011111
110111110110001
110101001101011
101010000111101
100010101110111
101011111111100
101011111111011
001111111110011
111110111011011
111111111111011
111100000111011
100110111110010
001111110111111
001101100111111
011001111001010
111101111110100
111111100100110
101110111101101
011110111001100
111111101101011
011111001010110
100111101111111
001111001010111
111111111000011
111111001101110
001111001011111
101011111111111
100111001101111
110110101111111
011101011101111
100101110111010
110011111111011
010110011101101
110101111111111
000100110101001
111111101011011
011110001011111
111100100000001
101110010111111
111101011100110
001101001110011
001111111100111
111111011011111
011111111010110
011001010110011
110111101000100
000010100111011
101011111100110
101010111000010
101111101111100
111101110111010
101110111100111
111111010111110
111101111110110
011001111011011
111011001011111
101001010111110
010100110011101
101110111111111
100011111011111
011010101000000
001111111010111
011100011101111
111111110011111
111011111111011
111111101010100
001101110110101
100010111100111
101101111110110
010111110111111
011101001010110
101111111111011
111110110110110
111110111101110
010011001011010
111000110101101
101111111111011
111111011101110
100001100111100
110110110110100
001101111110001
011010011101101
111111111101010
111111011011111
010111011110111
101010111011001
010010101011011
101111101111111
110110101011111
101111001011101
001001101110101
111101100111111
010010111111111
011000001001111
010011010001111
111111111110010
111100001001010
111101111111011
101011011101110
100111100011101
101011011001111
101111111111111
000001100101010
111111111111011
111000011111111
111001111111101
