110010000111101
111011111011101
100010111111010
101101111111100
001101111101100
011110011110011
111101011101110
011110011011011
101111011111010
001110111111011
100100111001110
110111110111100
100101001111101
001011011011011
111110111101011
011111101111111
111111011110010
111000010011110
101111011111011
110111011101110
111110010101101
011110111111101
111110011101011
011101101111111
100010111111000
111110110111100
101111001111111
010100111111100
101111010111111
011000111011101
010111111011110
001011101111011
101100111111111
101111001110001
111110101011111
101011000111110
110111101101111
010010111011110
111111111111111
011011110101111
111110101111110
110111010111011
001110111111011
111111111001111
111011111001111
111110101101110
111111111111111
111101110011101
101101101111100
111110111111101
101010110101111
010110111011111
011110011111111
111010011100101
101111111010011
111001111100111
110101001111001
000101111100111
101111101110110
111011100000100
111110111011111
010111110101111
011101100111101
001101001100100
010111011011111
101011101110101
011110001100110
110110110101111
100101101110001
111001111111101
111101111100111
101110111000100
111111100011011
110011110101110
001111010011110
010111010110101
111111110001111
111101011011111
001011101111010
110100101101111
110101100110110
100000011111101
001111011110110
110101011011101
110110111001111
011110111011110
111101110110011
011110111101111
100010011111011
001101111010100
110111011101101
111111100100001
111110110011011
110111101011100
110010111011111
110111111111110
100011111111111
100100011110110
111111111011010
110001111100110
101010111110110
111011110111011
101111110111100
010000001011001
010110111011011
111111111111011
111110011111101
111101111111101
111101101011011
111000111111111
100010001111000
101110111110111
101101001101010
110001010010111
111100110111110
011111010100111
010110111001010
011111110100010
111111111100010
110111011101011
111111001011011
010111011100011
011010111101011
110111011101011
101101011011111
101011111011110
011011110001100
111010110110101
