011100011111011
111001001101111
101100110010111
111111110111110
111101111110011
111101101110001
100111111101111
101101101000010
100101101010110
101001011100111
011111111111111
100110111111111
001111101011111
110110100111011
111000100100111
100110111000111
111100010110001
010110111111111
111111111111001
101111101011101
111111111111101
010011111111101
101101101011111
111111100100011
010111011110011
001111110101001
110101010110011
111001011011111
001111000010101
100010101011101
101100101011011
101111011111100
111101111011111
111011001110101
011100111111100
010111001011001
111110011001011
110111011111111
110011101110110
011110011000110
111101010101111
101011010011101
000111111110100
111111101110011
111001110111001
000011011111000
001000101110101
111111111101111
111111111001110
110011111111001
101101011011111
010110110111111
111101101111011
011111011101111
100110111111111
110111011110010
111000111110111
001111111111010
011110110111000
111010100110110
101110011111011
010111110001101
001010011111101
111011000011001
011011101111111
011010111111111
001111111111111
111101111010110
111010100101100
100110011101110
110101111011110
111111100110111
111101110110101
101001110111010
100101101101100
111001111111100
111111110111001
011110111110010
011101001100010
101111110111110
011011101110111
110011100101111
101001001111110
011111111111111
110101001110110
100111101011010
000111011001100
001111111101111
100001101111111
101111100101111
101111110101001
100010011101111
011100100101001
011110111010110
101111101101000
111111000111010
101011010101101
110100110011101
111001111110111
011100100101110
001111110011110
111101111001101
011101100111101
100101111111101
101101110001111
111101111110111
101101111010010
100001001111011
110111010010110
111100101101101
111111111011101
111010101111111
101111100111010
110111000111111
111011011101111
011011101111111
111110101010111
010101011011111
101100110111101
100011001111111
111110011111011
111101011000110
101011110011100
111111110100101
100001111101010
001101111111111
010110111101101
111011101010100
