011111111111101
111100110111111
011111011111110
011111111111000
110010110110111
100001010011111
111011111101111
010111100010101
111101011100010
111101111011110
001100010001110
011011101110000
111111010111011
111110101001111
111111101111011
111111111110111
000110111110010
101000001111111
110011111101101
101001011111101
111110010110010
111001111111111
011111101101110
111111111111111
010100110010110
111111001110101
001111111111111
101111111111111
111101111010001
101000011100001
110000001111111
111111101011101
111111111111010
100111100101111
011101111101010
011111111011111
110111110011011
101110011111100
011111101101101
111110111111101
111110011010010
110010011011011
111110111010111
111111100100111
111110011111110
010001100110011
111111111100100
111110111110101
101011011011011
111111011010010
111111010111101
111111101100001
011111111100110
111001111110110
111101011111111
110111011110011
110000100111100
000001101111011
101011010011111
111111111101101
001111011101101
111110101000000
001110100111101
110000101110110
011110110111110
101011011111011
111100111110111
110011111101111
011001111101111
111010111001111
101111111101110
111111111001111
111011011001011
010111110111111
011001010101011
111111101011110
010111111111010
110110101110111
111111110011101
001101111111110
110000010101111
111110111110111
111111010111111
101101110111101
010000010110010
111110111010000
111111000110011
101100100101111
101101111100110
111111111111101
111100111111111
110110111110110
100111110111100
000110010111111
111111001110101
111011111111111
111111110110100
110110111111011
011011111011011
011101111111110
101111101011111
010100111011101
111011011111111
001111111011000
100111101111000
101100110110101
011111011011100
100011111100100
101111111110111
011101111111111
111011011101111
011111101111111
110111000101111
111111010001111
101010111101011
011001101011110
111101111111111
111010100100111
111110111101101
010111101110100
000111111111011
110110111110110
110111100110011
111101011100111
101111011011111
101011001111111
101110110110101
001111110111101
