010101100111100
111110001000100
111011001001000
110011100011111
111100110011110
111011011101010
001011010111110
110001101111001
001101111010101
011111110110111
111111111001110
001101101110100
111000100001000
110110010011011
100111111111100
110111101111110
111110000011110
111110000011011
111101000010011
111111111001100
010111101001111
111111110110111
111111011001111
000101100101110
011110101011110
011101110011111
101001110111111
111111001111100
001011111111111
101100101101101
011101111111110
101100111111101
000111011101111
101111110100101
110000010010101
111110111111011
110100111101111
111100100001111
111111011110000
111101001111110
111010011100011
000011101010111
110101001111011
011111011011101
110011111111100
000101011100111
011110110101111
100010111101011
011001110111001
000011111111011
111011000111111
101101111111110
101111110011101
011011010001111
110101101101100
011111111101001
111010111011110
111110001101111
101110011110111
111101111110001
111101111000010
001100101010100
010111110110100
000111101010101
100100101011011
001111101000111
100010011110001
010011110001011
110111111101111
110111110110001
110011110111101
111011011011011
111101110000111
010000000100101
010111111111111
100110111111011
111010110111110
101000110011011
110010001100101
111100111111101
101110110001010
011111101110110
111001110110101
010110011011110
111001111010011
101111111111001
100011111111111
110111111111110
111000011000101
101100000110110
111110111110101
010011111100110
010100010111001
001111111111011
111011001101111
111111011111101
111111011101000
000110101111111
110101101011111
111110111111000
111100110100011
010001110110111
111010111111011
011111011110111
111001110110101
110011111011010
111000110001111
001101011111101
010011111111001
111011100011111
101101111100100
000111011111111
011110111001011
000001100111011
011100110110101
101111111001100
000101100001001
011110110111111
111011011100101
101011001111100
010001110011110
001101110110110
110011100101001
101111111111111
100110101111010
110111101001011
101101111111011
111111101110110
