011111111111101
000011001000000
011111011111110
011111011111000
001101001001000
010110101100000
000100000010000
010111100010101
000010100001101
000010000100001
001100010001110
011011101110000
000000101000100
000001010110010
000000010000000
000000000001000
001001000001101
010111110000000
001100000010010
010110100000010
000000101001101
000110000000000
011111101101110
000000000000000
010100110010110
000000110001010
001111111111111
010000000000000
000010000101110
010110100011110
001111110000000
000000010100000
000000000000100
011000011010000
011101111101010
011111111011111
001000001101100
010001100000011
011111101101101
011110111111101
000001100101101
001101100100100
000001000001000
000000011011000
000001100000000
010001100110011
000000000011011
000001000001010
010100100100100
011111010010010
000000001000010
000000010011100
011101111100110
000110000001001
000010100000000
001000100001100
001111011000011
000101101111011
010100001100000
000000000010010
001101011101101
000001011011111
001110100111101
001111110001001
010110110111110
010100100000100
000011000001000
001100000010100
011001111101111
000101000110000
010000000010001
000000000110000
000100100110100
010111110111111
011001010101011
000000010100001
010111111111010
000001010011000
000000001100010
001101111111110
001111101010000
000001000001000
000000101010100
010010001000010
010000010110010
000001000101111
000000111001100
010011011010000
010010100011001
000000000000010
000011000000000
001001000001001
011000001000011
000110010111111
001000110001010
000100000000000
000001001001011
001000000000100
011001111011011
011101111111110
010000010100000
010100111011101
000100100000000
001111111011000
011000010000111
010011101001010
011111011011100
011100000011011
010000000001000
011111111111111
000100100010000
011111101111111
001000111010000
000000101110000
010101000010100
011001100011110
000010000100000
000101011011101
000001000010110
010111101110100
000111111111011
001001000001001
001000011001101
000010100011010
010000100100000
010100010000000
010001001001010
001111110111101
