001011111111011
000010010000100
010111011111111
010011011100100
011111111100111
010111011110100
000000000000001
001000001000110
011111101111101
011100001000011
000000001010000
000001001111000
010011111101111
010011011001000
010010000100000
011100110111100
000000000011100
000000001101000
000010010111101
011111100111111
010000000000010
010011000010110
011101000101010
010110111011001
010110101011010
001011010111000
001010101100100
001010001100001
011111111001111
000010000010011
001110001100100
011111100111111
010111100100101
000100010101100
011110101111111
000011000000001
000111011100111
011001111010110
000000000011000
010000010001001
011000010100001
010000011101000
000000100010101
011110101111110
001111111111010
000100101010000
010000110100100
000000100000010
000011111000011
000010010000010
010110000110010
000001100011100
011111111111110
010000100000000
010011010001001
010110000010000
010100001110110
010000000111010
011111110101011
000110111111111
000001000100100
001010001100001
001000001011110
000010000100000
010111101011111
010100111011111
000111010010000
011111101011100
000000111110000
000001111000001
000000000100010
010001000010011
001110010101110
001000011100000
000010000001001
000111000100110
000000000000011
000100100100111
010100111100111
000100110000000
010001000000000
000111000010001
000000000001001
000001000001010
000011001110110
010100000001010
011000000100110
000100000111100
010111010110110
001101000111011
011001101000111
001000101110011
010000011101111
001010011111001
001010110000100
000000000010100
010001111001000
011101100110101
000100010100101
000101100000110
000111101001101
011111100101111
011101110010100
010111110001101
001000010010000
001100100011001
010100010100011
001000000100010
010001011110110
010110011111110
001011100000011
001100000111010
000111111111101
010011000001001
001101111111100
010111010110111
001000011000010
011101011010100
011100101111011
000100011000101
011110000000010
010000000010101
011010001110000
000100100000100
001111101010001
000011100000000
000100100100000
000001101000001
