011111111111101
111100110111111
011111011111110
011111011111000
110010110110111
101001010011111
111011111101111
010111100010101
111101011110010
111101111011110
001100010001110
011011101110000
111111010111011
111110101001101
111111101111111
111111111110111
110110111110010
101000001111111
110011111101101
101001011111101
111111010110010
111001111111111
011111101101110
111111111111111
010100110010110
111111001110101
001111111111111
101111111111111
111101111010001
101001011100001
110000001111111
111111101011111
111111111111011
100111100101111
011101111101010
011111111011111
110111110010011
101110011111100
011111101101101
011110111111101
111110011010010
110010011011011
111110111110111
111111100100111
111110011111111
010001100110011
111111111100100
111110111110101
101011011011011
011111010010010
111111110111101
111111101100011
011101111100110
111001111110110
111101011111111
110111011110011
110000100111100
000101101111011
101011110011111
111111111101101
001101011101101
111110100100000
001110100111101
110000001110110
010110110111110
101011011111011
111100111110111
110011111101011
011001111101111
111010111001111
101111111101110
111111111001111
111011011001011
010111110111111
011001010101011
111111101011110
010111111111010
111110101100111
111111110011101
001101111111110
110000010101111
111110111110111
111111010101011
101101110111101
010000010110010
111110111010000
111111000110011
101100100101111
101101011100110
111111111111101
111100111111111
110110111110110
100111110111100
000110010111111
110111001110101
111011111111111
111110110110100
110111111111011
011001111011011
011101111111110
101111101011111
010100111011101
111011011111111
001111111011000
100111101111000
101100010110101
011111011011100
100011111100100
101111111110111
011111111111111
111011011101111
011111101111111
110111000101111
111111010001111
101010111101011
011001100011110
111101111011111
111010100100010
111110111101001
010111101110100
000111111111011
110110111110110
110111100110010
111101011100101
101111011011111
101011101111111
101110110110101
001111110111101
