111001001110011
111101011111100
100011111111011
011011110101011
111100111110111
110101110110000
100011111011001
001010110001011
101100001111011
101001110101010
111110101110010
101001101100011
111111111101101
100111001111010
111110011111110
010110111101101
011111111101111
101101110000101
111101110111011
111101110010101
111111010001110
111010111111111
001100011101011
111001011111011
101101111010011
111000001101011
111111011111001
101110111111111
111010111011111
111111011010011
101100011110111
101111111111100
111001101111101
111100110010110
110100001101101
101110001011110
101111100111011
110110011011111
111110001101011
111111001101001
001110100100011
111010001110110
101011101011001
111001101110011
011110011101101
100011111100111
110111111011111
011111110011101
000100011111111
101011111101011
011011110100101
001110001110111
111011111111101
111111111111111
111111011011111
111001011111111
110111100011101
001110100110010
110111001001101
001111011000111
110101111011101
101111100110111
011111111100100
111110110011011
111101111111011
111101111111001
111110001001011
111010110101011
110111101011111
111111011111111
110111000110011
100110111111001
011111111111101
100011011101111
000011010011000
001111111111101
100011101001001
110111111111101
001101111111110
110011011011101
001101111101101
111011111111100
111101110111110
010100011111111
111011111111110
111101111110010
111011011111110
011101101111011
011001010011111
111111010011011
111011011100011
110111010011101
111010111111110
111111111101001
000111110011011
110111110111111
011011101100111
100001111011110
011101001001001
100111111110001
110101111111111
101010111111110
110000111110110
100101111001111
101000111011000
111110111010111
010011101111111
110010010001110
101101101101100
111101011111111
110101110111111
011101011110101
011110111111010
111110011100011
100101111010011
101111010111111
101011100111110
111101111101101
011110010110111
011111111111111
111111110011011
100001101000110
110011011111111
111101111000111
111001000011011
111001111101011
111111011011010
011011111101111
