001011111111011
111101101111011
010111011111111
010011011100100
011111111100111
010111011110100
111111111111110
110111110111001
011111101111101
100011110111100
111111110101111
111110110000111
010011111101111
101100100110111
101101111011111
011100110111100
111111111100011
111111110010111
111101101000010
011111100111111
101111111111101
101100111101001
100010111010101
010110111011001
010110101011010
110100101000111
110101010011011
110101110011110
011111111001111
111101111101100
001110001100100
011111100111111
010111100100101
111011101010011
011110101111111
111100111111110
000111011100111
100110000101001
111111111100111
101111101110110
100111101011110
101111100010111
111111011101010
011110101111110
001111111111010
111011010101111
101111001011011
111111011111101
111100000111100
111101101111101
101001111001101
111110011100011
011111111111110
101111011111111
101100101110110
101001111101111
101011110001001
101111111000101
011111110101011
000110111111111
111110111011011
110101110011110
110111110100001
111101111011111
010111101011111
010100111011111
111000101101111
011111101011100
111111000001111
111110000111110
111111111011101
101110111101100
001110010101110
110111100011111
111101111110110
111000111011001
111111111111100
111011011011000
010100111100111
111011001111111
101110111111111
111000111101110
111111111110110
111110111110101
111100110001001
101011111110101
100111111011001
111011111000011
010111010110110
001101000111011
011001101000111
110111010001100
101111100010000
001010011111001
110101001111011
111111111101011
101110000110111
011101100110101
111011101011010
111010011111001
000111101001101
011111100101111
100010001101011
010111110001101
110111101101111
110011011100110
101011101011100
110111111011101
101110100001001
010110011111110
110100011111100
110011111000101
000111111111101
101100111110110
001101111111100
010111010110111
110111100111101
100010100101011
100011010000100
111011100111010
100001111111101
101111111101010
100101110001111
111011011111011
110000010101110
111100011111111
111011011011111
111110010111110
